000000 -1
000003  1
000007  1
000009  1
000010  1
000011  1
000012  1
000013  1
000014  1
000016  1
000017  1
000018  1
000022  1
000026  1
000029  1
000030  1
000032  1
000034  1
000036  1
000038  1
000041  1
000043 -1
000044  1
000045  1
000046  1
000049  1
000051  1
000054 -1
000055  1
000056  1
000057  1
000060  1
000064  1
000067  1
000068  1
000069  1
000070 -1
000071  1
000072  1
000073 -1
000074 -1
000075  1
000079  1
000080  1
000082  1
000083  1
000084  1
000085  1
000086  1
000087  1
000088  1
000091  1
000092  1
000095  1
000096  1
000097  1
000099  1
000100  1
000101  1
000103 -1
000105  1
000109 -1
000110  1
000111  1
000112  1
000113  1
000114  1
000115  1
000119  1
000120  1
000121  1
000123  1
000125  1
000127  1
000129  1
000130 -1
000131  1
000133  1
000136  1
000138  1
000141  1
000142  1
000144  1
000145  1
000146  1
000148  1
000149  1
000150  1
000154  1
000155  1
000157  1
000158  1
000160  1
000162  1
000163  1
000164  1
000165  1
000166  1
000171  1
000172  1
000176  1
000177  1
000178  1
000179  1
000180  1
000184  1
000185  1
000189 -1
000193 -1
000198  1
000200  1
000202  1
000205  1
000206  1
000208  1
000209 -1
000210  1
000214  1
000215  1
000217  1
000219  1
000220  1
000221  1
000222  1
000225  1
000227  1
000228  1
000232  1
000233  1
000238  1
000240  1
000241  1
000243  1
000244  1
000245  1
000253  1
000254  1
000255  1
000256  1
000257  1
000258  1
000259  1
000261  1
000264  1
000267  1
000271  1
000274  1
000275  1
000276  1
000277  1
000280  1
000282  1
000285  1
000286  1
000287 -1
000288 -1
000292  1
000294 -1
000295  1
000296  1
000298 -1
000299  1
000300  1
000303  1
000304  1
000306  1
000310  1
000313  1
000316  1
000317 -1
000318  1
000322  1
000325  1
000326  1
000330  1
000331  1
000334  1
000337 -1
000338  1
000339  1
000342 -1
000344  1
000348  1
000349  1
000353  1
000358  1
000363  1
000364 -1
000367  1
000368 -1
000371  1
000374  1
000375  1
000380  1
000384  1
000387  1
000389  1
000390  1
000400  1
000405  1
000406  1
000410  1
000411  1
000412  1
000416  1
000417  1
000418  1
000421  1
000423  1
000424  1
000425  1
000426  1
000431  1
000432  1
000433  1
000434  1
000435  1
000438  1
000439  1
000441  1
000442  1
000444  1
000445  1
000447  1
000449  1
000456  1
000458  1
000460  1
000461  1
000462  1
000464  1
000465 -1
000466  1
000467  1
000470  1
000471  1
000474  1
000482  1
000483  1
000484  1
000487 -1
000488  1
000490  1
000497  1
000500  1
000501  1
000502  1
000505  1
000507  1
000511  1
000513  1
000514  1
000516  1
000518  1
000520 -1
000522  1
000523  1
000525  1
000526  1
000529  1
000531  1
000532 -1
000534  1
000535  1
000537  1
000538  1
000539  1
000540  1
000544  1
000547  1
000549  1
000550  1
000552  1
000553  1
000556  1
000557  1
000562  1
000563  1
000565  1
000570  1
000573  1
000574  1
000575  1
000576  1
000577  1
000578  1
000579  1
000580  1
000582  1
000584  1
000585  1
000586  1
000587  1
000592  1
000593  1
000594  1
000596  1
000597  1
000598 -1
000599  1
000602  1
000603  1
000605  1
000606  1
000607  1
000608  1
000609  1
000616  1
000617  1
000621  1
000622  1
000623  1
000627  1
000629  1
000631  1
000632  1
000633 -1
000637  1
000638  1
000640  1
000641  1
000643  1
000646 -1
000649  1
000651  1
000652  1
000653  1
000654  1
000656  1
000661  1
000662  1
000663 -1
000664  1
000665  1
000666  1
000668  1
000671 -1
000672  1
000673  1
000675 -1
000676  1
000678  1
000680  1
000681  1
000685  1
000686  1
000687  1
000688  1
000689  1
000690  1
000693  1
000695 -1
000697  1
000701 -1
000703 -1
000705  1
000707  1
000709  1
000710  1
000711  1
000712  1
000713  1
000714  1
000715  1
000719  1
000720 -1
000723  1
000724  1
000726 -1
000730  1
000732  1
000733  1
000735  1
000738  1
000739  1
000742  1
000743  1
000744 -1
000747  1
000749  1
000753  1
000755  1
000757  1
000758  1
000759  1
000760  1
000762  1
000763  1
000764  1
000770 -1
000775  1
000776  1
000777  1
000780  1
000781  1
000783  1
000784 -1
000785  1
000786  1
000787  1
000788  1
000789 -1
000791  1
000793  1
000794  1
000796  1
000797  1
000799  1
000808  1
000813  1
000814  1
000815  1
000817  1
000818  1
000820  1
000821  1
000822  1
000824  1
000825 -1
000827 -1
000828  1
000829  1
000830  1
000832  1
000833  1
000834  1
000835  1
000836  1
000839  1
000842  1
000845  1
000846  1
000851  1
000853  1
000855  1
000856  1
000857  1
000858  1
000860  1
000861 -1
000864  1
000865  1
000866  1
000867  1
000868  1
000870  1
000871  1
000872  1
000880  1
000882  1
000883  1
000886  1
000887  1
000888  1
000890  1
000891  1
000892 -1
000895  1
000896  1
000898  1
000900  1
000901  1
000902  1
000903  1
000905  1
000906  1
000908  1
000910  1
000913  1
000914  1
000918  1
000919  1
000921  1
000924  1
000925  1
000927  1
000929  1
000933  1
000934  1
000935  1
000936  1
000937 -1
000941  1
000945  1
000946  1
000947 -1
000950  1
000951  1
000954  1
000955  1
000957 -1
000959  1
000960  1
000962  1
000965  1
000968  1
000972  1
000975  1
000977  1
000978  1
000980  1
000982  1
000987  1
000989  1
000990  1
000992  1
000993  1
000994  1
000995  1
000996  1
000997  1
000998  1
001000  1
001001  1
001003  1
001004  1
001005  1
001009  1
001016  1
001017  1
001020  1
001023  1
001024  1
001028  1
001029 -1
001030  1
001031 -1
001032  1
001033 -1
001034  1
001036 -1
001038  1
001040  1
001041  1
001044  1
001045  1
001047  1
001048  1
001049  1
001052  1
001056  1
001057 -1
001059  1
001060  1
001061  1
001062  1
001064  1
001072  1
001073  1
001074  1
001079  1
001080  1
001081  1
001082  1
001085  1
001087  1
001090  1
001091 -1
001092  1
001093  1
001098  1
001100  1
001103  1
001105  1
001109  1
001110  1
001112  1
001117  1
001119  1
001121  1
001122  1
001124 -1
001126  1
001128  1
001130  1
001137  1
001142  1
001146  1
001151  1
001156  1
001157  1
001159  1
001160  1
001161 -1
001164  1
001165  1
001166  1
001168  1
001169 -1
001170  1
001171  1
001174 -1
001175  1
001181  1
001184  1
001185  1
001186  1
001190  1
001196  1
001197  1
001200  1
001201  1
001202  1
001204  1
001205 -1
001208 -1
001209  1
001210  1
001211 -1
001212  1
001215  1
001219  1
001220  1
001223  1
001227  1
001229  1
001231  1
001233 -1
001238  1
001240  1
001247  1
001248  1
001250  1
001256 -1
001258  1
001262  1
001264  1
001276  1
001277  1
001278  1
001279 -1
001280  1
001282  1
001283  1
001285  1
001288  1
001290  1
001293  1
001297  1
001298  1
001299  1
001300 -1
001301  1
001302  1
001309  1
001310  1
001311  1
001312  1
001313  1
001315  1
001316  1
001319  1
001320  1
001321  1
001322  1
001323 -1
001324  1
001325  1
001326  1
001327  1
001328  1
001335  1
001338  1
001340 -1
001341  1
001343  1
001348 -1
001349  1
001351  1
001354 -1
001357 -1
001358  1
001360  1
001361  1
001362  1
001364  1
001366  1
001367  1
001368  1
001369  1
001370  1
001371  1
001373  1
001378  1
001379  1
001383  1
001385  1
001390  1
001392  1
001393  1
001394 -1
001396  1
001399  1
001400  1
001401  1
001402  1
001403  1
001404  1
001405 -1
001406 -1
001408  1
001409  1
001413  1
001414  1
001417  1
001418  1
001420  1
001422  1
001423 -1
001425  1
001426  1
001428 -1
001429  1
001430  1
001433  1
001434  1
001436  1
001440  1
001444 -1
001447  1
001449 -1
001452  1
001453  1
001454 -1
001455  1
001456  1
001457  1
001459  1
001460  1
001462  1
001464  1
001465  1
001467 -1
001468  1
001470  1
001472  1
001473  1
001474  1
001475  1
001476  1
001479  1
001482  1
001483  1
001484  1
001486  1
001490  1
001491  1
001492  1
001493  1
001494  1
001496  1
001498  1
001499  1
001500  1
001503  1
001504 -1
001505  1
001506  1
001509 -1
001510  1
001512  1
001515  1
001518  1
001519 -1
001520  1
001523  1
001529  1
001530  1
001531  1
001532  1
001534  1
001539  1
001540  1
001541  1
001543 -1
001544 -1
001548 -1
001550  1
001551  1
001553  1
001554  1
001556  1
001558 -1
001559  1
001561  1
001563  1
001566  1
001568  1
001570  1
001571 -1
001572 -1
001575  1
001578  1
001580  1
001581  1
001584  1
001593  1
001595  1
001598  1
001599  1
001601  1
001604  1
001607  1
001608  1
001609 -1
001611 -1
001612  1
001614  1
001618  1
001620  1
001622 -1
001623  1
001624  1
001626  1
001628  1
001630  1
001632 -1
001636  1
001637  1
001638  1
001639  1
001641  1
001642  1
001644  1
001646  1
001648  1
001649  1
001651  1
001652  1
001653  1
001655  1
001657  1
001659  1
001661 -1
001663  1
001668  1
001669  1
001671  1
001672  1
001673  1
001674  1
001676  1
001677  1
001678  1
001679  1
001681  1
001685  1
001686  1
001687  1
001688  1
001690  1
001691  1
001692 -1
001695  1
001696  1
001698  1
001700  1
001703  1
001708  1
001715  1
001716  1
001720  1
001723  1
001724  1
001725 -1
001728  1
001730  1
001731  1
001734  1
001735  1
001736  1
001737  1
001738  1
001739  1
001743  1
001744  1
001747  1
001748  1
001753  1
001754  1
001756  1
001757  1
001759  1
001760  1
001761  1
001763  1
001766  1
001767  1
001769  1
001770  1
001773  1
001775  1
001777 -1
001779  1
001784  1
001785  1
001788  1
001789  1
001790 -1
001791  1
001792  1
001793  1
001796  1
001798  1
001799  1
001803  1
001805  1
001806  1
001809  1
001810  1
001811  1
001812  1
001815  1
001816  1
001819 -1
001821  1
001826  1
001827  1
001829  1
001830  1
001832  1
001833  1
001834  1
001836  1
001837  1
001838  1
001839  1
001841  1
001842  1
001843  1
001845  1
001847  1
001849  1
001850  1
001857  1
001860  1
001864 -1
001865  1
001866  1
001870  1
001871  1
001873 -1
001874  1
001876  1
001879  1
001882  1
001883  1
001889  1
001891  1
001894  1
001895  1
001896  1
001899  1
001901  1
001902 -1
001903  1
001906  1
001907  1
001908  1
001910 -1
001911 -1
001912  1
001913  1
001914  1
001915 -1
001916  1
001917  1
001918  1
001921  1
001922  1
001930  1
001935  1
001938  1
001939  1
001944  1
001947  1
001948  1
001949  1
001950  1
001951  1
001953  1
001955  1
001956  1
001957  1
001958 -1
001961  1
001962  1
001963  1
001964  1
001965  1
001968  1
001970 -1
001971 -1
001973  1
001974  1
001975  1
001976  1
001981  1
001987  1
001988  1
001990  1
001992  1
001993  1
001994 -1
001998  1
002003  1
002005 -1
002006  1
002007 -1
002009  1
002015 -1
002016  1
002018  1
002020  1
002023 -1
002024  1
002026  1
002030 -1
002031  1
002032  1
002033  1
002039  1
002040  1
002041  1
002047  1
002051  1
002053  1
002055  1
002059 -1
002060  1
002061  1
002063  1
002064  1
002065 -1
002066  1
002067  1
002069  1
002070  1
002072  1
002077  1
002080  1
002083  1
002084  1
002088  1
002090  1
002092  1
002095  1
002096  1
002097  1
002098  1
002099  1
002104  1
002105  1
002106  1
002109  1
002110  1
002114  1
002116  1
002117 -1
002119  1
002122  1
002125  1
002126  1
002129  1
002132  1
002133 -1
002134  1
002141  1
002143  1
002144 -1
002145  1
002146  1
002147  1
002148  1
002149 -1
002150  1
002154  1
002155  1
002156 -1
002157  1
002162  1
002164  1
002167  1
002171  1
002172  1
002174  1
002175  1
002176  1
002178 -1
002180 -1
002181  1
002184  1
002186  1
002189 -1
002190  1
002191  1
002192  1
002194  1
002195  1
002197  1
002198  1
002199  1
002203  1
002204  1
002205  1
002208  1
002210  1
002211  1
002212  1
002213  1
002214  1
002217  1
002221  1
002222  1
002223  1
002226 -1
002227  1
002230  1
002231  1
002235  1
002236  1
002237  1
002238  1
002240  1
002241  1
002242  1
002244  1
002247 -1
002249 -1
002252  1
002253  1
002256  1
002259  1
002261  1
002263  1
002264  1
002265  1
002267 -1
002268  1
002269  1
002270  1
002271 -1
002273  1
002274  1
002275  1
002278  1
002281  1
002285  1
002288  1
002289 -1
002296  1
002297  1
002301  1
002302  1
002305  1
002309  1
002311  1
002312  1
002313  1
002316  1
002317  1
002318  1
002321  1
002322  1
002323  1
002324 -1
002326  1
002328  1
002331  1
002333  1
002335  1
002339  1
002342  1
002343  1
002349  1
002350  1
002351 -1
002352  1
002354  1
002355  1
002358  1
002360 -1
002361  1
002363  1
002364  1
002368  1
002371  1
002373  1
002374  1
002375  1
002377  1
002379 -1
002381  1
002388  1
002389  1
002390  1
002394  1
002395  1
002396  1
002400  1
002401  1
002402 -1
002403  1
002406  1
002407  1
002408 -1
002409  1
002410 -1
002412  1
002413  1
002416  1
002417  1
002421  1
002426  1
002427  1
002430  1
002431  1
002435  1
002436  1
002437  1
002438  1
002441  1
002443  1
002444  1
002445  1
002447  1
002448  1
002449  1
002451  1
002452  1
002453  1
002456 -1
002459  1
002464  1
002465  1
002466  1
002467  1
002468  1
002469  1
002470  1
002471  1
002472  1
002475  1
002480  1
002481  1
002482  1
002484  1
002485 -1
002487  1
002489  1
002491  1
002493 -1
002494  1
002496 -1
002498  1
002501  1
002507 -1
002508  1
002510  1
002512  1
002513  1
002514  1
002515  1
002517  1
002518  1
002522  1
002523  1
002524  1
002527  1
002533  1
002535  1
002536 -1
002537  1
002542  1
002544  1
002545  1
002547  1
002549  1
002550  1
002551  1
002553  1
002554 -1
002555  1
002559  1
002560  1
002561  1
002566  1
002567  1
002571  1
002573  1
002576  1
002578  1
002579  1
002582  1
002587  1
002588  1
002589  1
002591  1
002592  1
002593  1
002595  1
002596  1
002597  1
002605 -1
002607  1
002608  1
002609  1
002610  1
002611  1
002614  1
002616 -1
002617 -1
002618 -1
002620  1
002622  1
002623  1
002624  1
002627  1
002629  1
002632  1
002634  1
002637  1
002639  1
002642  1
002643 -1
002647  1
002648  1
002649 -1
002650  1
002652  1
002654  1
002655  1
002658  1
002659  1
002660  1
002662  1
002664  1
002665  1
002667  1
002668  1
002670  1
002671 -1
002672  1
002676  1
002678  1
002679  1
002682  1
002683  1
002684  1
002687  1
002688  1
002689 -1
002691  1
002697  1
002698  1
002700  1
002701  1
002703  1
002704  1
002705  1
002708  1
002714  1
002716  1
002718 -1
002719  1
002723  1
002731  1
002732  1
002733  1
002734  1
002736  1
002738  1
002739 -1
002741  1
002743  1
002750  1
002751  1
002754  1
002756  1
002759  1
002762  1
002766  1
002768  1
002769 -1
002770  1
002771  1
002774 -1
002776  1
002777  1
002778  1
002779  1
002780  1
002781  1
002782  1
002784  1
002785  1
002788  1
002790  1
002791  1
002792 -1
002795  1
002798  1
002799 -1
002802  1
002803  1
002807  1
002808  1
002813  1
002816  1
002817  1
002819  1
002821  1
002822  1
002823  1
002824  1
002825  1
002829  1
002832  1
002834  1
002835  1
002837 -1
002838  1
002842  1
002843  1
002849  1
002850  1
002851 -1
002852  1
002854  1
002855  1
002857 -1
002859  1
002860 -1
002862  1
002864  1
002865  1
002868 -1
002869  1
002870 -1
002871  1
002872  1
002873  1
002874  1
002882  1
002884  1
002886  1
002887  1
002888 -1
002897  1
002898 -1
002899  1
002904 -1
002906 -1
002907  1
002909  1
002910  1
002912  1
002913  1
002915  1
002918  1
002920 -1
002921  1
002922  1
002923  1
002926  1
002927 -1
002929  1
002931  1
002932  1
002933  1
002936  1
002938  1
002939  1
002940  1
002941  1
002943 -1
002946  1
002949  1
002950  1
002952 -1
002954 -1
002956 -1
002965  1
002967  1
002968  1
002969  1
002970  1
002972  1
002973  1
002975  1
002980  1
002981  1
002983  1
002986  1
002987  1
002989  1
002990  1
002992  1
002996  1
002998  1
003002 -1
003008  1
003009  1
003012  1
003013  1
003014  1
003015  1
003016  1
003017  1
003018 -1
003020 -1
003021  1
003023  1
003026  1
003028  1
003036  1
003037  1
003039  1
003040  1
003041  1
003044  1
003045  1
003049  1
003051  1
003057  1
003059  1
003060  1
003063  1
003064  1
003068  1
003069  1
003070  1
003072  1
003075  1
003077  1
003078  1
003079  1
003081  1
003083  1
003084  1
003085 -1
003086  1
003089  1
003091  1
003092  1
003093  1
003095  1
003097  1
003098  1
003100  1
003104  1
003105  1
003108  1
003111  1
003113  1
003115  1
003117  1
003119  1
003120  1
003121 -1
003122 -1
003123  1
003125  1
003128  1
003130 -1
003132  1
003138  1
003139  1
003140  1
003143  1
003147  1
003149 -1
003151  1
003152  1
003154  1
003155  1
003157  1
003158  1
003160  1
003163  1
003164 -1
003166  1
003168  1
003169  1
003171 -1
003173  1
003176  1
003178  1
003184  1
003185 -1
003186  1
003188  1
003189  1
003191  1
003193 -1
003195  1
003196  1
003198  1
003200  1
003201  1
003205  1
003206  1
003208  1
003209  1
003212  1
003213  1
003215  1
003218  1
003220  1
003223  1
003227  1
003230  1
003234  1
003235 -1
003237  1
003238  1
003241  1
003243  1
003244  1
003245  1
003246  1
003248  1
003249 -1
003253  1
003256 -1
003258  1
003260  1
003261  1
003262  1
003263  1
003264  1
003267  1
003268  1
003270  1
003271  1
003273  1
003274  1
003277 -1
003278  1
003279  1
003282  1
003284  1
003285  1
003286  1
003287  1
003289  1
003290  1
003291  1
003293  1
003294  1
003297  1
003299  1
003303  1
003307 -1
003309  1
003311  1
003314  1
003317  1
003320  1
003321 -1
003326  1
003327  1
003328  1
003329  1
003332  1
003333 -1
003334  1
003335  1
003336  1
003339 -1
003340  1
003342  1
003344  1
003345  1
003348  1
003349 -1
003354  1
003356  1
003359  1
003360  1
003361  1
003362  1
003363  1
003369  1
003371  1
003372  1
003374  1
003376  1
003377 -1
003378  1
003380  1
003381  1
003382  1
003383  1
003384  1
003387  1
003388  1
003389  1
003390  1
003391  1
003392  1
003398  1
003400  1
003413  1
003414  1
003415  1
003416  1
003418  1
003420  1
003423  1
003424  1
003427  1
003431  1
003433  1
003436  1
003437 -1
003438  1
003439  1
003440  1
003441  1
003442  1
003444  1
003445  1
003446  1
003451  1
003452  1
003454 -1
003455 -1
003457  1
003458  1
003459  1
003460  1
003462  1
003463  1
003468  1
003472  1
003473  1
003475  1
003476 -1
003477  1
003479  1
003485  1
003486  1
003493  1
003494  1
003498  1
003499  1
003500  1
003501  1
003505  1
003507  1
003508  1
003509  1
003510  1
003512  1
003513  1
003514  1
003516  1
003518  1
003522  1
003523  1
003525  1
003526 -1
003532  1
003533  1
003534  1
003536  1
003537  1
003538  1
003540  1
003541  1
003542  1
003545  1
003546  1
003548  1
003549  1
003551  1
003555  1
003556  1
003560  1
003561  1
003564  1
003565  1
003566  1
003567  1
003569  1
003570  1
003572  1
003575  1
003576 -1
003577  1
003578  1
003579  1
003581  1
003585  1
003586 -1
003587 -1
003589 -1
003590  1
003591 -1
003592  1
003593  1
003594  1
003595  1
003596  1
003597  1
003598  1
003599  1
003602  1
003603  1
003606  1
003610  1
003612  1
003613  1
003615  1
003617 -1
003619  1
003625  1
003626  1
003628  1
003636  1
003637  1
003638  1
003639  1
003640  1
003641  1
003642  1
003644 -1
003646  1
003648  1
003650  1
003651  1
003654  1
003656  1
003657  1
003660  1
003663  1
003664  1
003665  1
003666  1
003670 -1
003672  1
003673  1
003674  1
003675 -1
003680  1
003681  1
003685  1
003686  1
003687  1
003693  1
003694 -1
003695  1
003696  1
003697  1
003698  1
003699  1
003700 -1
003701  1
003704  1
003706  1
003709  1
003710  1
003713  1
003714  1
003717  1
003720  1
003721  1
003722  1
003724  1
003725  1
003727  1
003729  1
003730  1
003731  1
003732  1
003733  1
003734  1
003740 -1
003741  1
003742  1
003743  1
003744  1
003745  1
003749  1
003752  1
003754  1
003757  1
003758  1
003759 -1
003760  1
003761  1
003765  1
003766  1
003767  1
003768  1
003770 -1
003772  1
003773  1
003774  1
003776  1
003780  1
003783  1
003784  1
003785  1
003786 -1
003789  1
003790  1
003791  1
003792  1
003795  1
003796  1
003797 -1
003799  1
003801  1
003803  1
003806  1
003810  1
003813  1
003815  1
003816  1
003817  1
003818  1
003819 -1
003821  1
003823 -1
003824  1
003825  1
003829  1
003831  1
003832  1
003833  1
003836  1
003838 -1
003839  1
003840  1
003842  1
003843  1
003844  1
003845  1
003846  1
003848  1
003849 -1
003850  1
003851  1
003853  1
003855  1
003857  1
003858 -1
003861  1
003862  1
003863  1
003865  1
003867  1
003868  1
003871  1
003875  1
003876  1
003877  1
003882  1
003884  1
003887  1
003888  1
003889  1
003893  1
003895  1
003896  1
003900  1
003903  1
003904  1
003906  1
003908  1
003910  1
003911  1
003912  1
003913  1
003917  1
003918  1
003919  1
003921 -1
003922 -1
003925  1
003927 -1
003928  1
003929  1
003930  1
003933  1
003935  1
003936  1
003939  1
003940  1
003941  1
003942  1
003944  1
003947 -1
003949  1
003951  1
003952  1
003953  1
003954 -1
003955 -1
003957  1
003959  1
003960  1
003963  1
003966  1
003967 -1
003968  1
003971 -1
003973  1
003974 -1
003976  1
003978  1
003979  1
003983  1
003985  1
003987  1
003988  1
003989 -1
003990  1
003991  1
003993  1
003994  1
003995 -1
003997 -1
003999  1
004005  1
004006  1
004012 -1
004013  1
004014  1
004015  1
004017  1
004018  1
004019  1
004020  1
004022  1
004023  1
004024 -1
004025  1
004029  1
004030  1
004031  1
004035  1
004037  1
004039 -1
004043  1
004044  1
004046  1
004047  1
004050  1
004052  1
004053 -1
004054  1
004056  1
004057  1
004058  1
004060  1
004062  1
004066  1
004067  1
004069  1
004070  1
004071  1
004073 -1
004075  1
004076  1
004078  1
004080  1
004084  1
004086  1
004088  1
004090  1
004093 -1
004094  1
004097  1
004099  1
004102  1
004103 -1
004106  1
004112  1
004114  1
004115  1
004123  1
004127  1
004133  1
004134  1
004135  1
004139  1
004141  1
004144  1
004145  1
004146  1
004147  1
004151  1
004159  1
004165 -1
004166  1
004167  1
004169  1
004170  1
004176  1
004177 -1
004178  1
004179  1
004180  1
004181  1
004182  1
004183  1
004184  1
004186  1
004192 -1
004193  1
004194  1
004197  1
004198  1
004199  1
004200  1
004201  1
004203  1
004204  1
004208  1
004211  1
004212  1
004216  1
004217  1
004218  1
004219 -1
004225  1
004227  1
004229 -1
004230  1
004231  1
004233  1
004234  1
004235 -1
004236  1
004238  1
004240  1
004244  1
004245  1
004247 -1
004252 -1
004253  1
004257  1
004258  1
004261 -1
004262  1
004264  1
004265  1
004266  1
004267  1
004268 -1
004269  1
004272  1
004273  1
004274  1
004276  1
004279  1
004283  1
004286  1
004287  1
004292  1
004296  1
004297  1
004302  1
004304  1
004308 -1
004310  1
004313  1
004315  1
004316  1
004317  1
004320  1
004322  1
004325  1
004328  1
004331  1
004332  1
004333  1
004334  1
004339  1
004341  1
004344  1
004346 -1
004347  1
004351  1
004354  1
004355  1
004356  1
004357  1
004358  1
004359  1
004361 -1
004365  1
004366  1
004371  1
004372  1
004375  1
004376  1
004378  1
004379 -1
004380  1
004381  1
004382  1
004386  1
004387  1
004389  1
004390  1
004394  1
004395  1
004399  1
004400 -1
004405  1
004408  1
004409  1
004410 -1
004411  1
004412  1
004413  1
004416  1
004417  1
004427  1
004428  1
004431  1
004432  1
004436  1
004441  1
004442  1
004445  1
004446  1
004448  1
004449 -1
004451  1
004453  1
004455  1
004457  1
004459  1
004461  1
004463  1
004464  1
004466  1
004467  1
004468  1
004471  1
004473  1
004476  1
004477  1
004478  1
004479  1
004484  1
004488  1
004492  1
004495  1
004497  1
004498  1
004499  1
004500  1
004503  1
004504  1
004505  1
004506  1
004507  1
004509 -1
004510  1
004512 -1
004514 -1
004515  1
004518  1
004522  1
004523  1
004524  1
004525  1
004533  1
004535  1
004536  1
004537  1
004538  1
004539  1
004543 -1
004544  1
004545  1
004546 -1
004550  1
004552  1
004554  1
004555  1
004558  1
004559  1
004560  1
004561  1
004563  1
004564 -1
004565  1
004571  1
004572  1
004575  1
004577  1
004579  1
004580 -1
004583 -1
004584  1
004586  1
004590  1
004592  1
004593  1
004594 -1
004595 -1
004597  1
004600  1
004601  1
004602 -1
004604  1
004605 -1
004606  1
004607  1
004613  1
004614  1
004616  1
004617  1
004619 -1
004621  1
004623  1
004625  1
004627 -1
004628  1
004631  1
004635  1
004637  1
004639  1
004641  1
004642  1
004643  1
004645  1
004646 -1
004653  1
004654  1
004656  1
004659  1
004661  1
004662  1
004663  1
004664  1
004670  1
004671  1
004674 -1
004675  1
004676  1
004677  1
004678  1
004681  1
004684  1
004690  1
004696 -1
004701  1
004702  1
004703  1
004704  1
004707  1
004712  1
004719  1
004723 -1
004727  1
004728  1
004729 -1
004731 -1
004733 -1
004736  1
004741  1
004747  1
004749  1
004750  1
004751  1
004754  1
004755  1
004757 -1
004758  1
004760  1
004761  1
004765  1
004767  1
004771  1
004772  1
004774  1
004775  1
004778  1
004779  1
004780 -1
004781  1
004784  1
004785  1
004786 -1
004789  1
004793  1
004794  1
004795  1
004796  1
004798  1
004801  1
004802  1
004803  1
004805  1
004808  1
004809  1
004812  1
004818  1
004819  1
004820  1
004823  1
004824  1
004826  1
004827 -1
004828  1
004833  1
004834  1
004836 -1
004837  1
004838  1
004840  1
004841  1
004842  1
004844 -1
004845  1
004847  1
004853  1
004854 -1
004855  1
004856  1
004857  1
004865  1
004866  1
004869 -1
004870  1
004872  1
004876  1
004877  1
004878  1
004879  1
004880  1
004882  1
004883  1
004884  1
004886  1
004889  1
004890  1
004894  1
004897 -1
004899  1
004900  1
004901  1
004906  1
004908  1
004910  1
004911  1
004912 -1
004913  1
004915 -1
004916  1
004919  1
004922  1
004923  1
004925  1
004930  1
004933  1
004936  1
004937  1
004939  1
004940 -1
004945  1
004950 -1
004951  1
004952  1
004955 -1
004957  1
004961  1
004964  1
004965  1
004967 -1
004968  1
004969  1
004970  1
004971  1
004972  1
004973 -1
004975  1
004977  1
004978  1
004980  1
004982  1
004984  1
004987  1
004991  1
004992  1
004997  1
005000  1
005003  1
005005  1
005006  1
005007 -1
005009  1
005011  1
005012  1
005016  1
005018  1
005020  1
005022  1
005023  1
005025  1
005027  1
005029  1
005030 -1
005031 -1
005033  1
005035  1
005039  1
005042  1
005043  1
005044  1
005046  1
005047  1
005048  1
005051  1
005059 -1
005060  1
005061  1
005066  1
005069  1
005071  1
005076  1
005083  1
005084  1
005085  1
005087  1
005088  1
005089  1
005091  1
005092  1
005096  1
005097  1
005098  1
005099  1
005100  1
005102  1
005104  1
005106 -1
005107 -1
005111  1
005114  1
005115  1
005116  1
005117  1
005118  1
005119  1
005123  1
005126  1
005129  1
005130  1
005131  1
005132  1
005134  1
005137  1
005142 -1
005146  1
005148  1
005150  1
005151  1
005152  1
005154  1
005159  1
005160  1
005165 -1
005169  1
005171  1
005173  1
005177  1
005178  1
005183  1
005186  1
005187  1
005192  1
005193  1
005195  1
005196  1
005200  1
005202  1
005203  1
005204  1
005205  1
005207  1
005208  1
005209  1
005210  1
005211  1
005212  1
005215  1
005216  1
005220  1
005223  1
005224  1
005225  1
005228  1
005231 -1
005232  1
005235  1
005238  1
005239  1
005243  1
005245  1
005247  1
005248  1
005250  1
005252  1
005253  1
005254  1
005257  1
005258 -1
005259  1
005261  1
005263  1
005264  1
005265  1
005266  1
005269  1
005270  1
005272  1
005277  1
005278  1
005281 -1
005283  1
005285  1
005286  1
005288  1
005290  1
005291  1
005293  1
005294  1
005295  1
005300  1
005301 -1
005302  1
005303  1
005305  1
005306  1
005310  1
005314  1
005317 -1
005320  1
005324 -1
005326  1
005327  1
005331  1
005332  1
005339  1
005340  1
005344  1
005346  1
005348  1
005351  1
005352  1
005353  1
005354  1
005355  1
005356  1
005357  1
005358  1
005361  1
005362  1
005364  1
005367  1
005370  1
005373  1
005374  1
005376  1
005380 -1
005382  1
005383  1
005384  1
005387  1
005388  1
005392  1
005393  1
005394  1
005395  1
005396  1
005397  1
005398  1
005399  1
005400  1
005401  1
005402  1
005403  1
005406  1
005407  1
005408  1
005409  1
005410  1
005411  1
005412  1
005414  1
005416  1
005417  1
005418 -1
005419  1
005420  1
005421  1
005424  1
005425  1
005428  1
005432  1
005433 -1
005435  1
005436  1
005438  1
005439 -1
005440  1
005442  1
005446  1
005451  1
005454  1
005455  1
005456  1
005457  1
005462  1
005463  1
005464  1
005468  1
005469  1
005470  1
005475  1
005478  1
005480  1
005483  1
005485  1
005488  1
005490  1
005491  1
005492  1
005493  1
005496  1
005497  1
005499  1
005500  1
005501  1
005502  1
005503  1
005504  1
005506  1
005507  1
005508  1
005509  1
005512  1
005513  1
005516  1
005517  1
005518  1
005519  1
005520  1
005521  1
005522  1
005524 -1
005526 -1
005527  1
005529  1
005530  1
005533  1
005535  1
005537  1
005539  1
005541  1
005543  1
005547  1
005548  1
005549  1
005550  1
005553  1
005554  1
005561  1
005562  1
005563  1
005564  1
005567 -1
005568  1
005569  1
005574  1
005575  1
005578  1
005579  1
005583  1
005585  1
005591  1
005592  1
005593  1
005594  1
005597  1
005598  1
005599  1
005604  1
005605  1
005606  1
005607  1
005608  1
005609  1
005611  1
005612  1
005614  1
005615  1
005620  1
005621  1
005622  1
005624  1
005626  1
005627  1
005628  1
005629  1
005632  1
005636  1
005637 -1
005641  1
005644  1
005645  1
005646  1
005647 -1
005648  1
005651  1
005654  1
005655  1
005657  1
005661  1
005663  1
005665 -1
005666  1
005667  1
005670 -1
005671 -1
005674  1
005675  1
005678  1
005679  1
005681  1
005682  1
005684  1
005686 -1
005688  1
005690  1
005691  1
005692  1
005693  1
005694  1
005696 -1
005697  1
005701  1
005702  1
005705  1
005710  1
005711 -1
005715  1
005716  1
005718  1
005719  1
005720  1
005721  1
005722  1
005723  1
005726  1
005730  1
005732  1
005733  1
005734  1
005737  1
005738  1
005742  1
005748  1
005749  1
005750  1
005752  1
005753  1
005755  1
005756  1
005758  1
005759  1
005761  1
005764  1
005766  1
005767  1
005768  1
005769  1
005770  1
005771  1
005772  1
005773  1
005774  1
005775  1
005776  1
005778  1
005779 -1
005780  1
005781  1
005788  1
005789  1
005791  1
005792  1
005795  1
005797  1
005798  1
005799  1
005802  1
005804  1
005808  1
005809  1
005810  1
005813 -1
005814  1
005815  1
005816  1
005817 -1
005823  1
005824 -1
005825  1
005828  1
005830  1
005831  1
005832  1
005833  1
005835 -1
005836  1
005837 -1
005838  1
005842  1
005844  1
005845  1
005846  1
005847  1
005848  1
005849  1
005850  1
005851  1
005853  1
005858  1
005860  1
005861  1
005862  1
005863  1
005865  1
005866  1
005867  1
005868  1
005870  1
005871  1
005872  1
005874  1
005875  1
005877  1
005880  1
005884  1
005886  1
005888 -1
005890  1
005891  1
005895  1
005896  1
005897  1
005898  1
005902  1
005904  1
005908  1
005915  1
005920  1
005924 -1
005928  1
005929  1
005930  1
005932  1
005934  1
005936  1
005937 -1
005940  1
005941  1
005942  1
005943  1
005945 -1
005946  1
005950  1
005951  1
005953  1
005954 -1
005956  1
005957  1
005959  1
005960  1
005964  1
005966  1
005967  1
005968  1
005971  1
005973  1
005974  1
005976  1
005977  1
005979  1
005980  1
005983  1
005987  1
005989  1
005990  1
005991  1
005992  1
005993  1
005995  1
005998  1
006000  1
006004  1
006006 -1
006007  1
006011  1
006015  1
006017  1
006018  1
006019  1
006020  1
006021  1
006022  1
006025  1
006032  1
006035 -1
006037  1
006040  1
006049  1
006051  1
006053 -1
006055  1
006056  1
006059  1
006064  1
006065  1
006069  1
006072  1
006073  1
006076  1
006079  1
006080  1
006081  1
006082  1
006084  1
006089 -1
006090  1
006091  1
006092  1
006094  1
006099  1
006101  1
006104  1
006105  1
006108  1
006109  1
006111  1
006112  1
006113  1
006119  1
006120  1
006124  1
006128  1
006129  1
006131  1
006132  1
006134  1
006135  1
006137  1
006138  1
006140  1
006141  1
006142  1
006143  1
006145  1
006147  1
006149  1
006150  1
006153  1
006155  1
006157  1
006158 -1
006159  1
006160  1
006162  1
006164 -1
006166  1
006170  1
006171  1
006172  1
006174  1
006175  1
006178  1
006179  1
006180  1
006181  1
006183  1
006184  1
006188  1
006189  1
006191  1
006192  1
006193  1
006197  1
006199  1
006200  1
006201 -1
006203  1
006205  1
006206  1
006207  1
006209  1
006211  1
006212  1
006214  1
006216  1
006217  1
006218  1
006220  1
006221  1
006223  1
006224  1
006225  1
006226  1
006230  1
006231  1
006234  1
006235  1
006236  1
006237  1
006239  1
006241  1
006242  1
006243  1
006245  1
006248  1
006251  1
006252  1
006253  1
006254  1
006255  1
006256  1
006257  1
006259  1
006260  1
006261  1
006262  1
006264  1
006268 -1
006271  1
006277 -1
006279  1
006281  1
006283  1
006284 -1
006285  1
006289  1
006290  1
006291  1
006292 -1
006293  1
006294 -1
006295  1
006296  1
006298  1
006299 -1
006303  1
006304  1
006307  1
006308 -1
006309  1
006310  1
006311  1
006313  1
006318  1
006319  1
006320  1
006323  1
006325  1
006326  1
006327  1
006328  1
006329  1
006330  1
006335  1
006336  1
006337 -1
006341 -1
006346  1
006347  1
006350  1
006352  1
006358  1
006359  1
006361  1
006362  1
006363  1
006365  1
006367  1
006373  1
006374  1
006375  1
006376  1
006378  1
006382  1
006383  1
006384  1
006387  1
006389  1
006390  1
006392  1
006397  1
006398  1
006399  1
006400 -1
006401  1
006402  1
006404  1
006408  1
006412 -1
006413  1
006414  1
006418  1
006419  1
006421  1
006422  1
006428  1
006429  1
006430  1
006431  1
006432  1
006438  1
006443  1
006447  1
006448  1
006449  1
006450  1
006455  1
006456  1
006457  1
006458 -1
006459  1
006460  1
006461  1
006463  1
006466  1
006467  1
006471 -1
006476  1
006479  1
006480 -1
006485  1
006487  1
006489  1
006490  1
006492  1
006494  1
006495  1
006499  1
006500  1
006501  1
006502 -1
006504  1
006509  1
006510  1
006511  1
006513  1
006518  1
006522  1
006523  1
006526  1
006527  1
006528  1
006536  1
006538  1
006539 -1
006541  1
006543  1
006544  1
006545  1
006546  1
006547  1
006550  1
006552 -1
006554  1
006557  1
006559  1
006562  1
006564  1
006566  1
006567  1
006571  1
006572  1
006573 -1
006575 -1
006579 -1
006580  1
006584  1
006585 -1
006587  1
006589  1
006591  1
006594  1
006598  1
006599  1
006600  1
006601  1
006605 -1
006606  1
006607  1
006608  1
006609  1
006610  1
006615  1
006616  1
006617  1
006619  1
006620  1
006621  1
006622  1
006627  1
006630  1
006631  1
006635  1
006639  1
006640  1
006642  1
006644  1
006645 -1
006646  1
006648  1
006652 -1
006653 -1
006654  1
006657  1
006661 -1
006662  1
006663  1
006665  1
006668  1
006671  1
006672  1
006673  1
006675  1
006680  1
006681  1
006683  1
006684  1
006687  1
006688  1
006689  1
006690  1
006691  1
006697  1
006699  1
006700  1
006702  1
006704 -1
006705  1
006706  1
006707  1
006708  1
006716  1
006717  1
006718  1
006721  1
006722 -1
006724  1
006727  1
006728  1
006730  1
006735  1
006736  1
006739  1
006740  1
006742  1
006743  1
006746  1
006748  1
006749  1
006750  1
006757  1
006763  1
006766  1
006769  1
006774  1
006775  1
006776  1
006779  1
006784  1
006787  1
006788  1
006790  1
006793  1
006795 -1
006799 -1
006801  1
006802  1
006805  1
006809  1
006810  1
006814  1
006817  1
006820  1
006821  1
006823  1
006824  1
006825 -1
006826  1
006827  1
006830 -1
006831  1
006834  1
006835  1
006838  1
006839  1
006840  1
006842  1
006845  1
006846  1
006848  1
006851  1
006857  1
006859  1
006861 -1
006864  1
006865  1
006867  1
006869  1
006871  1
006875  1
006877  1
006878 -1
006880  1
006883  1
006886  1
006888  1
006890  1
006892 -1
006893  1
006894 -1
006896  1
006902  1
006904  1
006905  1
006909  1
006911  1
006912  1
006915  1
006916  1
006918  1
006919  1
006920  1
006921  1
006923  1
006924  1
006926  1
006927  1
006929  1
006931  1
006932  1
006933  1
006934  1
006935 -1
006939  1
006940  1
006941 -1
006946  1
006947  1
006949  1
006951 -1
006952  1
006957  1
006958  1
006961  1
006963  1
006965  1
006966  1
006967  1
006969 -1
006970  1
006972  1
006974  1
006975  1
006976  1
006979  1
006983  1
006984  1
006985  1
006986  1
006988  1
006991  1
006993  1
006995  1
006996  1
006998  1
007001  1
007002  1
007004  1
007007  1
007009  1
007013  1
007017 -1
007018 -1
007020  1
007021  1
007024  1
007025  1
007035  1
007036 -1
007039  1
007040  1
007041  1
007044  1
007045  1
007046  1
007050  1
007051  1
007054  1
007057  1
007058  1
007060  1
007062  1
007064  1
007066  1
007070  1
007073 -1
007075 -1
007077  1
007086  1
007090  1
007092 -1
007093  1
007094 -1
007096  1
007097  1
007099  1
007101  1
007102  1
007104  1
007105  1
007106  1
007107  1
007108  1
007111  1
007113  1
007114  1
007116  1
007118 -1
007121  1
007123  1
007124  1
007126 -1
007127  1
007128  1
007129 -1
007134  1
007137  1
007140  1
007141  1
007142  1
007143  1
007147  1
007148  1
007150 -1
007151  1
007152  1
007153  1
007155  1
007156  1
007159 -1
007160  1
007167  1
007170  1
007171  1
007173  1
007175  1
007179 -1
007181  1
007184  1
007185  1
007186  1
007188 -1
007189 -1
007190  1
007191  1
007192  1
007193  1
007195  1
007196  1
007197  1
007203  1
007206  1
007209  1
007211  1
007213  1
007216  1
007218  1
007220  1
007222  1
007223 -1
007224  1
007226  1
007228  1
007231 -1
007234  1
007236  1
007237 -1
007239  1
007241  1
007243  1
007245  1
007248  1
007249  1
007250  1
007251  1
007254 -1
007257  1
007259  1
007263  1
007264  1
007268  1
007269 -1
007270  1
007276  1
007281  1
007282  1
007285  1
007286  1
007293  1
007295  1
007296  1
007297  1
007298  1
007301  1
007305  1
007306  1
007307  1
007308 -1
007312  1
007313  1
007314  1
007316  1
007317  1
007320 -1
007321  1
007324  1
007328  1
007332  1
007333 -1
007334  1
007335  1
007338 -1
007340  1
007341  1
007346  1
007348  1
007354  1
007355  1
007356  1
007357  1
007358  1
007361  1
007362  1
007363  1
007365  1
007366  1
007367  1
007368 -1
007370  1
007372 -1
007373  1
007378  1
007379  1
007386  1
007387 -1
007388  1
007390  1
007392  1
007393  1
007394  1
007399  1
007400  1
007404  1
007406  1
007408 -1
007414  1
007417  1
007418  1
007425  1
007427 -1
007428  1
007429  1
007431 -1
007432  1
007438  1
007441  1
007443  1
007444  1
007446  1
007451  1
007452  1
007454  1
007455  1
007457  1
007459  1
007460  1
007461  1
007465  1
007471  1
007472  1
007474  1
007476  1
007479  1
